Rule Key; Issues number; FN; Detection (%); FP; Deviation (%)
external_roslyn:CS0809;4;4;0,000000;0;0,000000
csharpsquid:S3240;1535;1011;34,136808;211;13,745928
csharpsquid:S3353;117;36;69,230769;466;398,290598
csharpsquid:S4200;0;0;NaN;0;NaN
csharpsquid:S5773;5;4;20,000000;0;0,000000
csharpsquid:S4564;266;266;0,000000;0;0,000000
csharpsquid:S2386;14;6;57,142857;0;0,000000
csharpsquid:S4201;16;8;50,000000;0;0,000000
csharpsquid:S3597;0;0;NaN;0;NaN
csharpsquid:S3234;1;1;0,000000;1;100,000000
csharpsquid:S2387;0;0;NaN;0;NaN
csharpsquid:S3598;0;0;NaN;0;NaN
csharpsquid:S3235;407;129;68,304668;93;22,850123
csharpsquid:S3236;2;0;100,000000;0;0,000000
csharpsquid:S2148;166;51;69,277108;5;3,012048
csharpsquid:S3237;36;8;77,777778;9;25,000000
csharpsquid:S3358;242;59;75,619835;14;5,785124
csharpsquid:S5659;1;0;100,000000;0;0,000000
external_roslyn:CS8767;4;4;0,000000;0;0,000000
php:S1779;6;0;100,000000;0;0,000000
external_roslyn:CS8765;1;1;0,000000;0;0,000000
php:S1780;5;0;100,000000;0;0,000000
csharpsquid:S1067;357;199;44,257703;22;6,162465
csharpsquid:S1066;538;381;29,182156;35;6,505576
csharpsquid:S1186;506;263;48,023715;53;10,474308
csharpsquid:S4581;7;2;71,428571;1;14,285714
csharpsquid:S1185;5;3;40,000000;1;20,000000
csharpsquid:S3251;3;0;100,000000;0;0,000000
csharpsquid:S3241;27;18;33,333333;5;18,518519
csharpsquid:S3242;1705;938;44,985337;74;4,340176
csharpsquid:S4210;0;0;NaN;0;NaN
csharpsquid:S4211;0;0;NaN;0;NaN
csharpsquid:S2275;1;0;100,000000;0;0,000000
csharpsquid:S1192;614;378;38,436482;273;44,462541
csharpsquid:S5542;0;0;NaN;0;NaN
csharpsquid:S4212;0;0;NaN;0;NaN
csharpsquid:S3244;0;0;NaN;0;NaN
csharpsquid:S3366;82;38;53,658537;2;2,439024
csharpsquid:S2156;13;0;100,000000;0;0,000000
csharpsquid:S3246;13;6;53,846154;0;0,000000
csharpsquid:S4214;0;0;NaN;0;NaN
csharpsquid:S4456;11;5;54,545455;2;18,181818
csharpsquid:S5547;0;0;NaN;0;NaN
csharpsquid:S3247;568;439;22,711268;21;3,697183
csharpsquid:S3005;0;0;NaN;0;NaN
csharpsquid:S4457;371;8;97,843666;13;3,504043
csharpsquid:S3249;11;5;54,545455;1;9,090909
external_roslyn:CS8632;2;2;0,000000;0;0,000000
external_roslyn:CS8629;6;6;0,000000;0;0,000000
external_roslyn:CS8509;1;1;0,000000;0;0,000000
csharpsquid:S1155;20;14;30,000000;0;0,000000
csharpsquid:S1151;246;181;26,422764;4;1,626016
csharpsquid:S4790;0;0;NaN;0;NaN
csharpsquid:S3450;0;0;NaN;0;NaN
php:S1997;1;0;100,000000;0;0,000000
csharpsquid:S3330;0;0;NaN;0;NaN
csharpsquid:S3451;0;0;NaN;0;NaN
csharpsquid:S4784;0;0;NaN;0;NaN
csharpsquid:S3453;5;0;100,000000;3;60,000000
csharpsquid:S2486;37;13;64,864865;0;0,000000
csharpsquid:S2365;30;26;13,333333;2;6,666667
csharpsquid:S2123;0;0;NaN;0;NaN
csharpsquid:S4423;0;0;NaN;0;NaN
csharpsquid:S2245;0;0;NaN;0;NaN
csharpsquid:S5753;0;0;NaN;0;NaN
csharpsquid:S3456;2;2;0,000000;0;0,000000
csharpsquid:S4787;0;0;NaN;0;NaN
csharpsquid:S3457;11;3;72,727273;0;0,000000
csharpsquid:S3215;843;168;80,071174;103;12,218268
csharpsquid:S2368;7;0;100,000000;0;0,000000
csharpsquid:S4426;8;6;25,000000;0;0,000000
csharpsquid:S3216;514;514;0,000000;0;0,000000
csharpsquid:S3458;8;3;62,500000;0;0,000000
csharpsquid:S3459;18;5;72,222222;4;22,222222
csharpsquid:S3217;59;22;62,711864;0;0,000000
external_roslyn:CS8625;49;49;0,000000;0;0,000000
csharpsquid:S3218;127;12;90,551181;0;0,000000
csharpsquid:S4428;0;0;NaN;0;NaN
external_roslyn:CS8618;209;209;0,000000;0;0,000000
csharpsquid:S1048;0;0;NaN;0;NaN
csharpsquid:S1168;219;99;54,794521;2;0,913242
csharpsquid:S1163;3;0;100,000000;0;0,000000
csharpsquid:S1172;115;68;40,869565;98;85,217391
csharpsquid:S2251;0;0;NaN;0;NaN
csharpsquid:S2372;72;5;93,055556;3;4,166667
csharpsquid:S4792;0;0;NaN;0;NaN
csharpsquid:S2252;0;0;NaN;0;NaN
csharpsquid:S3220;15;15;0,000000;6;40,000000
csharpsquid:S818;0;0;NaN;0;NaN
csharpsquid:S3343;0;0;NaN;0;NaN
csharpsquid:S3464;1;0;100,000000;0;0,000000
csharpsquid:S4433;1;0;100,000000;0;0,000000
csharpsquid:S2255;0;0;NaN;0;NaN
csharpsquid:S2376;410;3;99,268293;8;1,951220
csharpsquid:S3466;0;0;NaN;0;NaN
csharpsquid:S2257;0;0;NaN;0;NaN
csharpsquid:S3346;0;0;NaN;0;NaN
csharpsquid:S5766;0;0;NaN;0;NaN
csharpsquid:S2259;110;83;24,545455;9;8,181818
external_roslyn:CS4014;25;25;0,000000;0;0,000000
roslyn.sonaranalyzer.security.cs:S5334;0;0;NaN;0;NaN
csharpsquid:S881;35;14;60,000000;1;2,857143
csharpsquid:S1135;1250;347;72,240000;76;6,080000
csharpsquid:S1134;47;29;38,297872;4;8,510638
csharpsquid:S2583;31;18;41,935484;9;29,032258
external_roslyn:CS8321;12;12;0,000000;0;0,000000
csharpsquid:S2221;955;390;59,162304;133;13,926702
csharpsquid:S3431;11;11;0,000000;0;0,000000
csharpsquid:S2342;39;14;64,102564;5;12,820513
csharpsquid:S2222;4;4;0,000000;0;0,000000
common-cs:InsufficientBranchCoverage;0;0;NaN;0;NaN
csharpsquid:S3433;1;0;100,000000;0;0,000000
csharpsquid:S2223;313;20;93,610224;11;3,514377
csharpsquid:S2344;26;15;42,307692;7;26,923077
csharpsquid:S2345;5;1;80,000000;0;0,000000
csharpsquid:S2225;5;0;100,000000;1;20,000000
csharpsquid:S4524;2;2;0,000000;2;100,000000
csharpsquid:S2346;23;10;56,521739;1;4,347826
csharpsquid:S2589;38;19;50,000000;3;7,894737
csharpsquid:S2228;114;31;72,807018;380;333,333333
csharpsquid:S1147;5;1;80,000000;1;20,000000
external_roslyn:CA1018;2;2;0,000000;0;0,000000
csharpsquid:S1144;261;91;65,134100;230;88,122605
csharpsquid:S1264;14;11;21,428571;0;0,000000
csharpsquid:S2360;2883;628;78,217135;117;4,058273
csharpsquid:S3440;12;3;75,000000;1;8,333333
csharpsquid:S3441;28;16;42,857143;0;0,000000
csharpsquid:S3442;69;16;76,811594;8;11,594203
csharpsquid:S3443;1;1;0,000000;0;0,000000
csharpsquid:S3444;2;0;100,000000;0;0,000000
csharpsquid:S2234;10;6;40,000000;0;0,000000
csharpsquid:S2114;0;0;NaN;0;NaN
csharpsquid:S3445;2;0;100,000000;1;50,000000
csharpsquid:S2115;5;0;100,000000;0;0,000000
csharpsquid:S2357;960;483;49,687500;104;10,833333
csharpsquid:S3447;0;0;NaN;0;NaN
csharpsquid:S2479;0;0;NaN;0;NaN
csharpsquid:S3449;0;0;NaN;0;NaN
csharpsquid:S3329;0;0;NaN;0;NaN
csharpsquid:S1118;122;33;72,950820;41;33,606557
csharpsquid:S1117;135;85;37,037037;0;0,000000
csharpsquid:S1116;34;23;32,352941;2;5,882353
csharpsquid:S1479;11;5;54,545455;0;0,000000
csharpsquid:S1110;4;2;50,000000;0;0,000000
external_roslyn:CA2211;15;15;0,000000;0;0,000000
csharpsquid:S2681;15;12;20,000000;1;6,666667
csharpsquid:S2201;96;33;65,625000;2;2,083333
csharpsquid:S3532;12;0;100,000000;0;0,000000
external_roslyn:CA2208;15;15;0,000000;0;0,000000
csharpsquid:S4502;0;0;NaN;0;NaN
csharpsquid:S3655;0;0;NaN;0;NaN
csharpsquid:S3776;1396;911;34,742120;111;7,951289
csharpsquid:S3897;34;3;91,176471;7;20,588235
csharpsquid:S2688;0;0;NaN;0;NaN
csharpsquid:S3898;223;98;56,053812;37;16,591928
csharpsquid:S2325;1030;410;60,194175;337;32,718447
csharpsquid:S2326;72;17;76,388889;15;20,833333
csharpsquid:S3415;131;0;100,000000;0;0,000000
csharpsquid:S2327;4;1;75,000000;1;25,000000
csharpsquid:S2328;50;13;74,000000;0;0,000000
external_roslyn:CS8425;43;43;0,000000;0;0,000000
roslyn.sonaranalyzer.security.cs:S5883;0;0;NaN;0;NaN
csharpsquid:S4507;0;0;NaN;0;NaN
csharpsquid:S1128;3505;3505;0,000000;0;0,000000
csharpsquid:S1006;191;84;56,020942;1;0,523560
csharpsquid:S1125;133;54;59,398496;14;10,526316
csharpsquid:S1123;52;21;59,615385;0;0,000000
csharpsquid:S1244;49;15;69,387755;1;2,040816
csharpsquid:S1121;54;27;50,000000;1;1,851852
csharpsquid:S1481;252;33;86,904762;33;13,095238
csharpsquid:S2692;10;4;60,000000;0;0,000000
csharpsquid:S2330;71;37;47,887324;0;0,000000
csharpsquid:S2696;50;30;40,000000;1;2,000000
csharpsquid:S2333;162;85;47,530864;110;67,901235
csharpsquid:S2699;1015;131;87,093596;114;11,231527
csharpsquid:S4635;1;1;0,000000;0;0,000000
csharpsquid:S3427;13;6;53,846154;0;0,000000
csharpsquid:S2339;992;196;80,241935;24;2,419355
csharpsquid:S2219;19;11;42,105263;1;5,263158
external_roslyn:CS0649;30;30;0,000000;0;0,000000
php:S1808;2;0;100,000000;0;0,000000
csharpsquid:S1699;63;2;96,825397;0;0,000000
csharpsquid:S1215;3;3;0,000000;3;100,000000
csharpsquid:S1698;175;119;32,000000;2;1,142857
csharpsquid:S1696;7;7;0,000000;0;0,000000
csharpsquid:S1694;343;118;65,597668;42;12,244898
csharpsquid:S1210;27;9;66,666667;4;14,814815
csharpsquid:S1451;14016;5502;60,744863;1650;11,772260
csharpsquid:S1450;74;18;75,675676;29;39,189189
csharpsquid:S3990;0;0;NaN;0;NaN
csharpsquid:S3871;6;4;33,333333;9;150,000000
csharpsquid:S3992;0;0;NaN;0;NaN
csharpsquid:S3872;610;153;74,918033;41;6,721311
csharpsquid:S3993;39;30;23,076923;5;12,820513
csharpsquid:S3994;241;152;36,929461;10;4,149378
roslyn.sonaranalyzer.security.cs:S6350;0;0;NaN;0;NaN
csharpsquid:S3874;157;114;27,388535;9;5,732484
csharpsquid:S3995;74;59;20,270270;0;0,000000
csharpsquid:S2302;1418;767;45,909732;19;1,339915
csharpsquid:S3875;18;7;61,111111;28;155,555556
csharpsquid:S3996;134;76;43,283582;1;0,746269
csharpsquid:S3997;1;0;100,000000;0;0,000000
csharpsquid:S3876;9;2;77,777778;0;0,000000
csharpsquid:S3877;18;7;61,111111;6;33,333333
csharpsquid:S3998;11;11;0,000000;0;0,000000
roslyn.sonaranalyzer.security.cs:S5144;0;0;NaN;0;NaN
csharpsquid:S2306;9;0;100,000000;0;0,000000
roslyn.sonaranalyzer.security.cs:S5145;0;0;NaN;0;NaN
external_roslyn:CS0642;3;3;0,000000;0;0,000000
roslyn.sonaranalyzer.security.cs:S5146;9;9;0,000000;0;0,000000
csharpsquid:S1109;52;10;80,769231;1;1,923077
csharpsquid:S1227;584;406;30,479452;67;11,472603
csharpsquid:S1226;31;17;45,161290;6;19,354839
csharpsquid:S1104;676;245;63,757396;9;1,331361
external_roslyn:CA1854;1;1;0,000000;0;0,000000
external_roslyn:CA1850;2;2;0,000000;0;0,000000
csharpsquid:S3880;1;0;100,000000;0;0,000000
csharpsquid:S3881;160;54;66,250000;30;18,750000
csharpsquid:S2551;47;44;6,382979;22;46,808511
external_roslyn:CA1845;3;3;0,000000;0;0,000000
external_roslyn:CA1844;2;2;0,000000;0;0,000000
csharpsquid:S3884;0;0;NaN;0;NaN
csharpsquid:S2674;39;24;38,461538;1;2,564103
csharpsquid:S3400;23;16;30,434783;8;34,782609
external_roslyn:CA1847;2;2;0,000000;0;0,000000
csharpsquid:S3885;4;3;25,000000;1;25,000000
php:S2918;1;0;100,000000;0;0,000000
csharpsquid:S3887;48;25;47,916667;1;2,083333
csharpsquid:S2436;383;68;82,245431;107;27,937337
csharpsquid:S2437;87;86;1,149425;0;0,000000
csharpsquid:S3889;0;0;NaN;0;NaN
external_roslyn:CS0628;8;8;0,000000;0;0,000000
csharpsquid:S1313;0;0;NaN;0;NaN
external_roslyn:CS1718;2;2;0,000000;0;0,000000
external_roslyn:CA1842;2;2;0,000000;0;0,000000
csharpsquid:S2760;59;12;79,661017;2;3,389831
csharpsquid:S3971;8;0;100,000000;1;12,500000
csharpsquid:S2761;0;0;NaN;0;NaN
csharpsquid:S3972;0;0;NaN;0;NaN
csharpsquid:S3610;0;0;NaN;0;NaN
csharpsquid:S3973;14;8;42,857143;0;0,000000
external_roslyn:CA1835;11;11;0,000000;0;0,000000
csharpsquid:S4823;0;0;NaN;0;NaN
roslyn.sonaranalyzer.security.cs:S5167;0;0;NaN;0;NaN
csharpsquid:S4829;0;0;NaN;0;NaN
external_roslyn:CS0612;2;2;0,000000;0;0,000000
csharpsquid:S1449;178;90;49,438202;12;6,741573
csharpsquid:S1206;38;13;65,789474;3;7,894737
external_roslyn:CS0618;122;122;0,000000;0;0,000000
csharpsquid:S1200;1195;569;52,384937;103;8,619247
external_roslyn:SYSLIB1045;1;1;0,000000;0;0,000000
external_roslyn:CA1826;5;5;0,000000;0;0,000000
external_roslyn:CA1829;8;8;0,000000;0;0,000000
csharpsquid:S3981;1;1;0,000000;0;0,000000
csharpsquid:S4830;4;0;100,000000;0;0,000000
external_roslyn:CA1822;287;287;0,000000;0;0,000000
Web:InternationalizationCheck;2;0;100,000000;0;0,000000
external_roslyn:CA1825;39;39;0,000000;0;0,000000
csharpsquid:S3984;0;0;NaN;0;NaN
csharpsquid:S4834;0;0;NaN;0;NaN
csharpsquid:S3626;131;44;66,412214;5;3,816794
csharpsquid:S3869;1;1;0,000000;1;100,000000
roslyn.sonaranalyzer.security.cs:S2078;0;0;NaN;0;NaN
csharpsquid:S1659;324;240;25,925926;4;1,234568
roslyn.sonaranalyzer.security.cs:S2076;0;0;NaN;0;NaN
csharpsquid:S1656;12;9;25,000000;0;0,000000
csharpsquid:S927;1124;438;61,032028;45;4,003559
external_roslyn:CA1416;11;11;0,000000;0;0,000000
csharpsquid:S2743;40;20;50,000000;12;30,000000
csharpsquid:S3956;441;153;65,306122;35;7,936508
csharpsquid:S3717;287;155;45,993031;15;5,226481
csharpsquid:S1309;283;119;57,950530;92;32,508834
roslyn.sonaranalyzer.security.cs:S2083;11;11;0,000000;0;0,000000
csharpsquid:S1301;183;78;57,377049;8;4,371585
external_roslyn:SYSLIB0012;1;1;0,000000;0;0,000000
csharpsquid:S1541;1667;1107;33,593281;110;6,598680
csharpsquid:S3962;44;3;93,181818;1;2,272727
csharpsquid:S2995;0;0;NaN;0;NaN
csharpsquid:S3600;0;0;NaN;0;NaN
csharpsquid:S3963;71;15;78,873239;7;9,859155
csharpsquid:S2996;2;0;100,000000;0;0,000000
csharpsquid:S2755;6;4;33,333333;0;0,000000
csharpsquid:S2997;0;0;NaN;0;NaN
csharpsquid:S3603;2;0;100,000000;0;0,000000
csharpsquid:S3966;1;0;100,000000;2;200,000000
csharpsquid:S3604;26;3;88,461538;12;46,153846
csharpsquid:S3967;14;2;85,714286;11;78,571429
csharpsquid:S2757;0;0;NaN;0;NaN
external_roslyn:CS0672;6;6;0,000000;0;0,000000
csharpsquid:S4818;0;0;NaN;0;NaN
external_roslyn:CS1998;33;33;0,000000;0;0,000000
csharpsquid:S1994;9;7;22,222222;1;11,111111
csharpsquid:S1751;8;4;50,000000;0;0,000000
external_roslyn:SYSLIB0023;1;1;0,000000;0;0,000000
roslyn.sonaranalyzer.security.cs:S2091;0;0;NaN;0;NaN
csharpsquid:S1871;12;5;58,333333;0;0,000000
external_roslyn:SYSLIB0021;1;1;0,000000;0;0,000000
csharpsquid:S907;146;132;9,589041;0;0,000000
external_roslyn:CS0660;1;1;0,000000;0;0,000000
external_roslyn:CS0661;2;2;0,000000;0;0,000000
csharpsquid:S3937;4;0;100,000000;0;0,000000
external_roslyn:CS0420;4;4;0,000000;0;0,000000
external_roslyn:CS0414;19;19;0,000000;0;0,000000
external_roslyn:CS0419;8;8;0,000000;0;0,000000
external_roslyn:CS0659;21;21;0,000000;0;0,000000
csharpsquid:S1764;4;2;50,000000;0;0,000000
csharpsquid:S1643;33;17;48,484848;6;18,181818
external_roslyn:CA1507;1;1;0,000000;0;0,000000
Web:HeaderCheck;6;0;100,000000;0;0,000000
csharpsquid:S2971;110;97;11,818182;2;1,818182
roslyn.sonaranalyzer.security.cs:S5131;0;0;NaN;0;NaN
csharpsquid:S2612;0;0;NaN;0;NaN
csharpsquid:S2857;0;0;NaN;0;NaN
roslyn.sonaranalyzer.security.cs:S5135;0;0;NaN;0;NaN
csharpsquid:S2737;4;0;100,000000;2;50,000000
csharpsquid:S3949;0;0;NaN;0;NaN
csharpsquid:S1858;68;45;33,823529;1;1,470588
csharpsquid:S1854;88;59;32,954545;9;10,227273
external_roslyn:CS1573;4;4;0,000000;0;0,000000
external_roslyn:CS1572;6;6;0,000000;0;0,000000
csharpsquid:S2701;206;48;76,699029;1;0,485437
external_roslyn:CS1570;4;4;0,000000;0;0,000000
external_roslyn:CS1574;15;15;0,000000;0;0,000000
csharpsquid:S3928;191;125;34,554974;23;12,041885
csharpsquid:S1862;2;0;100,000000;0;0,000000
csharpsquid:S2952;12;6;50,000000;4;33,333333
csharpsquid:S2953;2;0;100,000000;1;50,000000
csharpsquid:S2955;69;21;69,565217;15;21,739130
csharpsquid:S3923;3;0;100,000000;0;0,000000
external_roslyn:CS0114;4;4;0,000000;0;0,000000
csharpsquid:S3925;141;24;82,978723;20;14,184397
csharpsquid:S3926;0;0;NaN;0;NaN
csharpsquid:S3927;1;1;0,000000;0;0,000000
external_roslyn:CS0105;10;10;0,000000;0;0,000000
external_roslyn:CS0108;16;16;0,000000;0;0,000000
php:S2043;2;0;100,000000;0;0,000000
external_roslyn:SA1513;5;5;0,000000;0;0,000000
Web:MaxLineLengthCheck;4;0;100,000000;0;0,000000
external_roslyn:RS1024;3;3;0,000000;0;0,000000
external_roslyn:SA1515;6;6;0,000000;0;0,000000
roslyn.sonaranalyzer.security.cs:S6096;0;0;NaN;0;NaN
csharpsquid:S3906;223;120;46,188341;8;3,587444
csharpsquid:S1848;9;3;66,666667;0;0,000000
csharpsquid:S131;547;362;33,820841;30;5,484461
csharpsquid:S3908;224;118;47,321429;4;1,785714
csharpsquid:S3909;11;0;100,000000;5;45,454545
external_roslyn:CS0219;10;10;0,000000;0;0,000000
csharpsquid:S134;1668;1174;29,616307;114;6,834532
external_roslyn:SA1649;1;1;0,000000;0;0,000000
Web:UnsupportedTagsInHtml5Check;2;0;100,000000;0;0,000000
common-cs:FailedUnitTests;0;0;NaN;0;NaN
csharpsquid:S2930;6;4;33,333333;0;0,000000
external_roslyn:CS0693;1;1;0,000000;0;0,000000
csharpsquid:S2931;69;26;62,318841;12;17,391304
csharpsquid:S3900;11618;11618;0,000000;0;0,000000
csharpsquid:S2933;569;359;36,906854;45;7,908612
csharpsquid:S138;260;149;42,692308;19;7,307692
csharpsquid:S2934;0;0;NaN;0;NaN
csharpsquid:S3902;15;4;73,333333;6;40,000000
csharpsquid:S3903;86;4;95,348837;5;5,813953
csharpsquid:S3904;0;0;NaN;0;NaN
csharpsquid:S1607;0;0;NaN;0;NaN
external_roslyn:CA1821;1;1;0,000000;0;0,000000
external_roslyn:CA1816;9;9;0,000000;0;0,000000
external_roslyn:CS0164;1;1;0,000000;0;0,000000
external_roslyn:CS0162;2;2;0,000000;0;0,000000
external_roslyn:CS0168;11;11;0,000000;0;0,000000
external_roslyn:CS0169;15;15;0,000000;0;0,000000
csharpsquid:S1939;64;4;93,750000;4;6,250000
common-cs:InsufficientLineCoverage;10140;4008;60,473373;1209;11,923077
csharpsquid:S1944;2;0;100,000000;25;1250,000000
csharpsquid:S1821;130;110;15,384615;0;0,000000
csharpsquid:S1940;11;0;100,000000;0;0,000000
common-cs:InsufficientCommentDensity;10790;4734;56,126043;1202;11,139944
external_roslyn:SA1505;3;3;0,000000;0;0,000000
external_roslyn:CA1806;15;15;0,000000;0;0,000000
external_roslyn:SA1508;7;7;0,000000;0;0,000000
external_roslyn:SA1507;7;7;0,000000;0;0,000000
external_roslyn:xUnit1004;153;153;0,000000;0;0,000000
roslyn.sonaranalyzer.security.cs:S6287;0;0;NaN;0;NaN
csharpsquid:S4070;12;8;33,333333;3;25,000000
csharpsquid:S5042;0;0;NaN;0;NaN
php:S2007;7;0;100,000000;0;0,000000
csharpsquid:S5034;1;0;100,000000;0;0,000000
csharpsquid:S4069;114;16;85,964912;4;3,508772
php:S2003;2;0;100,000000;0;0,000000
external_roslyn:xUnit1013;11;11;0,000000;0;0,000000
Web:PageWithoutFaviconCheck;1;0;100,000000;0;0,000000
php:S103;4;0;100,000000;0;0,000000
php:S105;3;0;100,000000;0;0,000000
roslyn.sonaranalyzer.security.cs:S3649;0;0;NaN;0;NaN
csharpsquid:S4050;14;0;100,000000;0;0,000000
external_roslyn:CA1067;5;5;0,000000;0;0,000000
csharpsquid:S4052;1;1;0,000000;0;0,000000
external_roslyn:CA1069;2;2;0,000000;0;0,000000
csharpsquid:S4047;5;5;0,000000;3;60,000000
csharpsquid:S4049;646;302;53,250774;43;6,656347
common-php:InsufficientLineCoverage;6;0;100,000000;0;0,000000
external_roslyn:xUnit2003;4;4;0,000000;0;0,000000
external_roslyn:xUnit2004;9;9;0,000000;0;0,000000
php:S113;6;0;100,000000;0;0,000000
external_roslyn:CA1050;26;26;0,000000;0;0,000000
external_roslyn:SA1025;4;4;0,000000;0;0,000000
csharpsquid:S4060;62;49;20,967742;16;25,806452
csharpsquid:S4061;0;0;NaN;0;NaN
csharpsquid:S4055;4734;3442;27,291931;753;15,906210
csharpsquid:S6354;513;53;89,668616;66;12,865497
csharpsquid:S4056;2942;1513;48,572400;471;16,009517
csharpsquid:S4057;3;2;33,333333;0;0,000000
csharpsquid:S4058;978;426;56,441718;244;24,948875
csharpsquid:S4059;80;32;60,000000;6;7,500000
php:S121;4;0;100,000000;0;0,000000
csharpsquid:S1905;79;54;31,645570;2;2,531646
external_roslyn:CA1041;1;1;0,000000;0;0,000000
external_roslyn:CA2016;4;4;0,000000;0;0,000000
csharpsquid:S2092;0;0;NaN;0;NaN
csharpsquid:S3060;56;45;19,642857;1;1,785714
external_roslyn:CA2254;57;57;0,000000;0;0,000000
csharpsquid:S4143;2;2;0,000000;0;0,000000
csharpsquid:S4022;58;33;43,103448;5;8,620690
csharpsquid:S4023;209;42;79,904306;41;19,617225
csharpsquid:S4144;62;50;19,354839;6;9,677419
csharpsquid:S4025;2;2;0,000000;1;50,000000
external_roslyn:CS1030;1;1;0,000000;0;0,000000
csharpsquid:S4026;0;0;NaN;0;NaN
csharpsquid:S3059;922;172;81,344902;234;25,379610
csharpsquid:S4027;207;33;84,057971;25;12,077295
external_roslyn:CA2009;2;2;0,000000;0;0,000000
Web:IllegalTabCheck;3;0;100,000000;0;0,000000
external_roslyn:CS0067;4;4;0,000000;0;0,000000
Web:S1829;1;0;100,000000;0;0,000000
external_roslyn:CA2245;1;1;0,000000;0;0,000000
csharpsquid:S4040;186;97;47,849462;21;11,290323
csharpsquid:S4041;18;7;61,111111;2;11,111111
csharpsquid:S4275;100;43;57,000000;1;1,000000
csharpsquid:S5122;0;0;NaN;0;NaN
csharpsquid:S4035;75;11;85,333333;10;13,333333
csharpsquid:S4277;0;0;NaN;0;NaN
external_roslyn:SA1129;1;1;0,000000;0;0,000000
csharpsquid:S4036;0;0;NaN;0;NaN
csharpsquid:S4158;2;0;100,000000;1;50,000000
csharpsquid:S4159;0;0;NaN;0;NaN
csharpsquid:S4039;2392;558;76,672241;54;2,257525
common-cs:DuplicatedBlocks;0;0;NaN;0;NaN
csharpsquid:S122;2823;781;72,334396;674;23,875310
csharpsquid:S121;25045;13872;44,611699;1598;6,380515
external_roslyn:CS8607;4;4;0,000000;0;0,000000
csharpsquid:S2190;7;6;14,285714;1;14,285714
php:S1578;1;0;100,000000;0;0,000000
csharpsquid:S5332;0;0;NaN;0;NaN
csharpsquid:S6421;2;2;0,000000;0;0,000000
csharpsquid:S4000;3;0;100,000000;0;0,000000
csharpsquid:S6420;0;0;NaN;0;NaN
csharpsquid:S6423;0;0;NaN;0;NaN
csharpsquid:S2187;11;4;63,636364;1;9,090909
csharpsquid:S4002;1;1;0,000000;1;100,000000
csharpsquid:S3397;0;0;NaN;0;NaN
csharpsquid:S6422;0;0;NaN;0;NaN
csharpsquid:S4487;246;53;78,455285;10;4,065041
Web:FieldsetWithoutLegendCheck;1;0;100,000000;0;0,000000
csharpsquid:S2068;0;0;NaN;0;NaN
csharpsquid:S4004;444;242;45,495495;23;5,180180
csharpsquid:S6424;0;0;NaN;0;NaN
csharpsquid:S4005;64;34;46,875000;66;103,125000
external_roslyn:CS8605;1;1;0,000000;0;0,000000
csharpsquid:S126;967;460;52,430196;44;4,550155
csharpsquid:S125;961;468;51,300728;24;2,497399
external_roslyn:CS8603;29;29;0,000000;0;0,000000
external_roslyn:CS8604;52;52;0,000000;0;0,000000
csharpsquid:S127;128;91;28,906250;11;8,593750
external_roslyn:CS8601;20;20;0,000000;0;0,000000
external_roslyn:CS8602;106;106;0,000000;0;0,000000
roslyn.sonaranalyzer.security.cs:S2631;0;0;NaN;0;NaN
external_roslyn:CS8600;49;49;0,000000;0;0,000000
csharpsquid:S110;48;21;56,250000;0;0,000000
csharpsquid:S113;7141;2929;58,983336;852;11,931102
csharpsquid:S112;162;55;66,049383;17;10,493827
csharpsquid:S4260;0;0;NaN;0;NaN
csharpsquid:S4261;1360;31;97,720588;589;43,308824
csharpsquid:S3172;0;0;NaN;0;NaN
csharpsquid:S3052;280;64;77,142857;30;10,714286
csharpsquid:S2197;6;1;83,333333;0;0,000000
csharpsquid:S2077;0;0;NaN;0;NaN
csharpsquid:S3168;5;0;100,000000;0;0,000000
csharpsquid:S4136;617;169;72,609400;57;9,238250
csharpsquid:S4015;1;0;100,000000;0;0,000000
csharpsquid:S3169;0;0;NaN;0;NaN
csharpsquid:S4016;1;1;0,000000;0;0,000000
csharpsquid:S4017;819;49;94,017094;19;2,319902
csharpsquid:S4018;1833;424;76,868522;242;13,202400
csharpsquid:S4019;2;1;50,000000;0;0,000000
external_roslyn:CS8714;2;2;0,000000;0;0,000000
csharpsquid:S100;367;180;50,953678;47;12,806540
csharpsquid:S101;537;22;95,903166;19;3,538175
csharpsquid:S2290;0;0;NaN;0;NaN
csharpsquid:S1199;29;23;20,689655;10;34,482759
csharpsquid:S2291;0;0;NaN;0;NaN
csharpsquid:S3260;380;105;72,368421;101;26,578947
csharpsquid:S2292;915;187;79,562842;3;0,327869
csharpsquid:S1075;88;36;59,090909;59;67,045455
csharpsquid:S3261;9;8;11,111111;4;44,444444
csharpsquid:S3262;0;0;NaN;0;NaN
csharpsquid:S4462;141;37;73,758865;94;66,666667
csharpsquid:S3010;8;5;37,500000;0;0,000000
csharpsquid:S4583;2;0;100,000000;0;0,000000
csharpsquid:S4220;2;2;0,000000;1;50,000000
csharpsquid:S3011;23;0;100,000000;68;295,652174
csharpsquid:S3253;90;29;67,777778;23;25,555556
csharpsquid:S3254;396;74;81,313131;115;29,040404
csharpsquid:S3376;18;8;55,555556;4;22,222222
csharpsquid:S4586;5;0;100,000000;3;60,000000
csharpsquid:S3256;10;4;60,000000;0;0,000000
csharpsquid:S4225;18;2;88,888889;1;5,555556
csharpsquid:S3257;716;396;44,692737;309;43,156425
csharpsquid:S4226;401;20;95,012469;3;0,748130
common-cs:SkippedUnitTests;0;0;NaN;0;NaN
csharpsquid:S104;63;37;41,269841;13;20,634921
csharpsquid:S103;1068;644;39,700375;211;19,756554
csharpsquid:S106;114;31;72,807018;380;333,333333
csharpsquid:S105;3085;1070;65,316045;39;1,264182
csharpsquid:S108;197;66;66,497462;19;9,644670
csharpsquid:S107;168;66;60,714286;9;5,357143
csharpsquid:S109;8367;4492;46,312896;919;10,983626
csharpsquid:S5693;0;0;NaN;0;NaN
csharpsquid:S2183;0;0;NaN;0;NaN
csharpsquid:S2184;1;0;100,000000;0;0,000000
csharpsquid:S2053;0;0;NaN;0;NaN
csharpsquid:S3263;0;0;NaN;0;NaN
csharpsquid:S3264;0;0;NaN;9;Infinity
php:S4833;2;0;100,000000;0;0,000000
csharpsquid:S3265;34;22;35,294118;0;0,000000
csharpsquid:S5443;0;0;NaN;0;NaN
csharpsquid:S3267;277;176;36,462094;22;7,942238
csharpsquid:S2178;23;15;34,782609;3;13,043478
csharpsquid:S5445;3;2;33,333333;1;33,333333
csharpsquid:S6419;0;0;NaN;0;NaN
external_roslyn:CS3003;1;1;0,000000;0;0,000000
