====== Summary ======
====== Bugs / Code Smells ======
Project name; Issues on base; FN; Detection (%); FP; Deviation (%)
akka;18444;1890;89,752765;3335;18,081761
auto-mapper;1617;1617;0,000000;1745;107,915894
beyourmarket;2983;1039;65,169293;166;5,564868
codehub;3942;546;86,149163;270;6,849315
event-flow;2727;2724;0,110011;3558;130,473047
fluentassertions;1447;246;82,999309;1727;119,350380
flurl;890;116;86,966292;28;3,146067
fody;584;34;94,178082;69;11,815068
jabbr;2330;490;78,969957;230;9,871245
masstransit;22686;1529;93,260160;110;0,484881
net5-solution;1134;143;87,389771;68;5,996473
net6-solution;153;40;73,856209;1;0,653595
net7-solution;169;169;0,000000;143;84,615385
nhibernate;24482;3419;86,034638;491;2,005555
nlog;4062;4060;0,049237;4078;100,393895
nodatime;2542;53;97,915028;74;2,911094
nopowershell;433;13;96,997691;20;4,618938
nuget-server;593;125;78,920742;489;82,462057
obsidian;6604;1026;84,463961;197;2,983041
ocelot;1862;362;80,558539;161;8,646617
omnisharp-server;37515;37236;0,743703;0;0,000000
openiddict-core;3562;280;92,139248;278;7,804604
orchard-cms;26979;26720;0,960006;0;0,000000
====== Vulnerabilities ======
Project name; Issues on base; FN; Detection (%); FP; Deviation (%)
akka;67;0;100,000000;159;237,313433
auto-mapper;0;0;NaN;27;Infinity
beyourmarket;50;48;4,000000;0;0,000000
codehub;244;0;100,000000;3;1,229508
event-flow;3;3;0,000000;12;400,000000
fluentassertions;1;0;100,000000;0;0,000000
flurl;0;0;NaN;12;Infinity
fody;22;0;100,000000;0;0,000000
jabbr;0;0;NaN;6;Infinity
masstransit;23;2;91,304348;5;21,739130
net5-solution;11;0;100,000000;67;609,090909
net6-solution;1;1;0,000000;0;0,000000
net7-solution;0;0;NaN;0;NaN
nhibernate;65;0;100,000000;1;1,538462
nlog;2;2;0,000000;18;900,000000
nodatime;0;0;NaN;55;Infinity
nopowershell;0;0;NaN;11;Infinity
nuget-server;3;0;100,000000;2;66,666667
obsidian;23;0;100,000000;1;4,347826
ocelot;1;0;100,000000;2;200,000000
omnisharp-server;279;279;0,000000;0;0,000000
openiddict-core;0;0;NaN;0;NaN
orchard-cms;259;259;0,000000;0;0,000000
