====== Summary ======
====== Bugs / Code Smells ======
Project name; Issues on base; FN; Detection (%); FP; Deviation (%)
akka;16705;1177;92,954205;3049;18,252020
auto-mapper;1315;1315;0,000000;1402;106,615970
beyourmarket;2629;1033;60,707493;162;6,162039
codehub;3339;532;84,067086;270;8,086253
event-flow;1983;1980;0,151286;2559;129,046899
fluentassertions;1180;238;79,830508;1596;135,254237
flurl;824;116;85,922330;28;3,398058
fody;453;33;92,715232;55;12,141280
jabbr;1830;490;73,224044;214;11,693989
masstransit;18969;1520;91,986926;93;0,490274
net5-solution;853;18;97,889801;68;7,971864
net6-solution;91;13;85,714286;1;1,098901
net7-solution;113;113;0,000000;111;98,230088
nhibernate;21560;3414;84,165121;453;2,101113
nlog;3607;3605;0,055448;3639;100,887164
nodatime;2238;52;97,676497;74;3,306524
nopowershell;367;13;96,457766;20;5,449591
nuget-server;460;125;72,826087;440;95,652174
obsidian;4898;345;92,956309;197;4,022050
ocelot;1243;309;75,140788;130;10,458568
omnisharp-server;35345;35066;0,789362;0;0,000000
openiddict-core;3078;233;92,430149;266;8,641975
orchard-cms;21906;21663;1,109285;0;0,000000
====== Vulnerabilities ======
Project name; Issues on base; FN; Detection (%); FP; Deviation (%)
akka;67;0;100,000000;159;237,313433
auto-mapper;0;0;NaN;27;Infinity
beyourmarket;46;44;4,347826;0;0,000000
codehub;244;0;100,000000;3;1,229508
event-flow;3;3;0,000000;12;400,000000
fluentassertions;1;0;100,000000;0;0,000000
flurl;0;0;NaN;12;Infinity
fody;22;0;100,000000;0;0,000000
jabbr;0;0;NaN;6;Infinity
masstransit;23;2;91,304348;5;21,739130
net5-solution;11;0;100,000000;67;609,090909
net6-solution;1;1;0,000000;0;0,000000
net7-solution;0;0;NaN;0;NaN
nhibernate;65;0;100,000000;1;1,538462
nlog;2;2;0,000000;18;900,000000
nodatime;0;0;NaN;55;Infinity
nopowershell;0;0;NaN;11;Infinity
nuget-server;3;0;100,000000;2;66,666667
obsidian;23;0;100,000000;1;4,347826
ocelot;1;0;100,000000;2;200,000000
omnisharp-server;279;279;0,000000;0;0,000000
openiddict-core;0;0;NaN;0;NaN
orchard-cms;243;243;0,000000;0;0,000000
